3 1199.1 467.0 1400.9 650.0
22 387.8 762.6 511.4 945.0
22 198.18 674.87 350.8 1080.0
16 1020.0 514.4 1088.2 644.0
26 1541.7 172.13 1615.3 198.0
26 1663.2 308.0 1700.8 319.77
26 1565.4 309.83 1601.8 321.68
27 1470.97 142.43 1532.25 196.13
20 1332.05 0.0 1522.27 1080.0
28 1094.57 417.1 1141.94 647.33
22 486.07 782.51 558.4 887.9
3 1687.0 446.0 1754.0 490.0
22 475.17 712.45 590.9 859.3
3 1598.3 539.14 1920.0 1073.14
3 1727.6 447.39 1775.3 486.1
22 0.0 902.56 136.8 1080.0
28 1136.7 526.3 1215.6 830.22
22 113.32 808.66 297.5 1080.0
