28 1606.41 438.35 1623.9 497.04
3 606.4 598.0 821.0 766.0
3 1140.66 534.47 1202.2 593.9
3 1157.65 540.84 1248.0 609.0
9 174.2 567.0 282.0 819.0
7 449.0 641.0 650.0 847.0
3 1188.9 551.0 1298.0 632.5
3 1016.91 520.04 1065.16 559.04
3 1112.24 528.5 1177.4 580.3
12 784.6 513.6 888.2 653.0
3 1337.0 556.1 1667.2 768.9
15 1745.12 656.95 1783.72 762.71
2 847.0 484.65 928.0 576.2
28 1675.15 378.06 1693.13 494.93
27 1700.11 156.54 1834.98 365.98
28 542.8 487.67 578.33 620.56
28 1695.8 389.7 1724.86 492.81
20 1330.58 353.91 1347.03 606.11
20 326.17 118.16 363.45 722.34
20 1163.78 411.57 1171.39 532.77
3 728.9 577.8 872.53 693.17
20 1733.0 113.78 1791.12 738.79
