3 254.42 204.0 822.42 400.0
9 1612.1 269.71 1659.2 401.4
9 1792.9 270.3 1915.8 563.0
20 1180.77 103.06 1189.15 359.68
27 902.07 207.38 937.86 215.0
9 1393.54 292.17 1421.54 380.2
15 1213.16 355.46 1220.6 407.26
3 901.94 303.45 977.99 333.56
20 875.42 0.26 889.89 359.68
2 953.76 277.37 1088.16 332.45
12 1010.31 310.42 1116.8 351.92
15 1158.44 352.54 1166.94 394.77
15 1184.47 354.13 1191.64 401.95
27 962.54 206.74 997.74 213.48
15 1247.43 355.73 1255.13 412.84
3 1223.0 312.0 1415.0 410.0
27 938.95 207.26 983.63 238.48
15 1121.51 347.22 1126.56 382.02
8 888.83 290.22 922.21 389.37
3 1099.62 322.71 1203.7 362.3
