15 1282.0 748.52 1316.58 869.39
3 514.6 570.0 590.7 616.1
15 864.31 688.54 880.5 746.68
15 1017.6 712.71 1041.16 794.42
20 925.37 597.5 932.35 685.07
15 906.54 695.58 921.82 761.06
15 1166.32 733.21 1195.7 837.26
20 449.9 272.93 482.8 609.78
15 831.54 682.42 845.62 735.36
20 839.38 237.4 852.54 658.46
20 378.85 162.39 435.43 805.83
9 410.53 622.89 460.77 739.67
15 911.72 647.22 920.59 685.48
15 1081.55 721.3 1106.65 811.86
15 1448.17 770.55 1487.95 917.13
20 727.54 168.97 743.33 605.83
15 929.5 650.29 936.81 688.84
15 955.78 704.14 974.45 776.67
