15 1490.74 365.23 1513.21 448.08
20 906.49 0.55 955.18 399.24
15 1343.11 337.91 1360.3 398.28
20 1297.32 0.0 1339.95 305.71
15 1650.7 394.32 1684.19 500.52
15 1560.36 377.57 1586.8 469.23
20 957.81 0.55 969.65 242.66
15 1307.86 329.98 1324.6 385.06
15 1366.43 294.33 1377.0 330.46
20 1205.73 0.0 1229.42 244.13
9 926.24 252.53 951.24 357.1
15 1383.21 346.73 1403.04 413.27
15 1437.42 355.5 1458.13 429.57
15 1383.17 299.62 1392.42 335.75
20 939.46 63.16 947.84 277.13
15 1278.78 322.49 1292.0 372.28
15 1777.74 415.43 1818.31 543.72
