27 1638.9 250.9 1682.67 308.94
12 810.17 210.59 879.34 294.98
20 1033.2 253.47 1040.89 346.78
26 1685.0 203.1 1726.0 300.1
27 1022.96 221.84 1057.17 253.07
3 1222.0 331.0 1498.9 442.0
3 1619.0 394.58 1920.0 534.58
20 1629.37 308.31 1657.93 446.64
3 1089.0 315.0 1278.0 398.0
3 546.14 236.65 612.84 274.12
26 583.27 13.43 638.54 136.59
3 819.45 263.32 881.5 305.6
20 1628.7 0.0 1713.1 451.72
28 1510.71 246.9 1545.6 437.12
27 1021.91 222.23 1056.19 253.75
20 1033.87 253.56 1041.8 339.33
28 1057.01 242.95 1082.39 338.77
3 585.0 234.38 637.08 271.84
3 823.4 275.5 1067.9 413.0
15 569.9 448.5 609.8 490.28
3 658.37 240.4 697.3 263.89
20 550.12 0.0 602.22 446.06
