3 1299.36 450.46 1364.3 492.1
7 966.61 461.92 1004.51 527.13
20 960.62 1.71 1014.34 547.78
15 1239.16 496.79 1249.81 543.42
8 1603.03 460.08 1661.72 540.46
7 865.7 447.32 920.41 534.35
15 1267.8 498.99 1279.56 552.6
7 997.46 465.88 1072.81 585.3
20 1171.8 142.83 1193.74 490.43
15 1398.17 511.48 1417.26 585.29
8 929.34 438.4 956.31 502.91
15 1214.56 492.38 1224.47 539.39
15 1341.62 508.17 1359.98 572.8
15 1880.7 559.21 1920.0 707.57
15 1304.16 504.13 1316.28 562.89
15 1470.88 517.72 1492.91 602.91
22 1827.9 429.5 1879.0 543.0
24 273.58 644.78 631.49 1080.0
9 1357.47 438.21 1375.64 491.12
15 1559.38 525.06 1588.75 622.74
8 685.05 276.68 848.77 732.03
9 1248.86 446.4 1268.0 500.0
20 1279.67 295.94 1289.71 497.42
20 941.5 62.79 988.69 533.19
15 1680.93 536.81 1716.18 654.69
