9 1167.94 542.66 1213.2 609.4
3 1000.94 516.06 1074.94 546.3
20 920.88 181.49 946.01 573.65
26 1119.85 440.68 1145.99 448.79
12 1093.0 523.36 1198.9 569.58
27 1117.2 425.56 1162.35 455.53
22 289.8 462.8 333.6 595.0
9 1239.0 513.0 1278.0 618.0
15 909.67 570.55 924.71 628.69
15 977.24 560.86 986.42 603.19
20 1547.3 0.02 1668.35 1035.57
15 950.21 567.23 959.65 615.69
9 802.1 510.63 827.8 577.83
8 735.26 494.11 774.55 598.03
15 1000.45 563.92 1006.83 599.11
15 883.91 571.06 898.44 637.36
22 285.19 514.71 317.1 584.2
22 243.26 540.12 287.34 595.79
15 1009.12 564.94 1014.48 597.32
9 1213.0 520.0 1237.0 593.0
15 932.11 568.0 944.35 620.27
20 960.48 371.1 970.38 567.56
20 1198.82 311.7 1210.24 553.85
26 1152.1 441.73 1177.77 449.24
