20 1364.4 0.55 1395.98 549.25
20 1560.46 1.87 1609.14 584.77
28 322.52 349.2 334.39 431.44
3 325.11 396.83 484.26 476.83
28 127.88 327.27 147.07 458.9
28 973.4 328.35 987.01 500.21
12 454.0 380.0 625.7 453.8
3 1235.2 392.0 1891.3 630.0
20 365.69 1.87 381.48 463.72
15 1068.15 529.84 1097.53 568.7
27 342.0 75.55 403.85 96.61
3 669.0 409.26 752.2 446.26
20 245.95 274.24 259.11 465.03
20 947.28 0.0 974.92 495.3
3 460.3 453.0 886.0 612.0
28 620.96 365.03 631.49 424.24
28 1047.38 308.96 1063.69 478.18
20 819.65 0.0 848.6 526.88
15 959.62 534.08 985.12 560.86
26 1309.0 268.0 1349.0 352.0
26 406.48 66.34 524.5 94.9
3 264.83 414.74 464.7 503.3
26 214.37 69.6 325.3 97.8
3 2.0 433.0 385.4 583.0
3 694.47 413.18 849.32 493.67
27 793.6 171.56 844.93 273.54
