15 1173.9 399.06 1182.02 445.99
9 1027.0 348.0 1056.0 450.0
12 128.8 316.0 426.0 463.0
20 1277.42 0.0 1309.1 440.03
8 1165.38 328.17 1198.31 422.74
9 766.26 365.0 795.26 449.0
9 1112.0 354.0 1144.0 451.0
26 1244.0 228.2 1269.0 275.0
15 811.22 408.23 819.93 452.44
9 660.38 360.58 698.21 450.19
3 1547.0 314.0 1918.0 465.0
20 217.0 1.87 253.84 432.14
20 730.17 175.55 747.28 449.25
26 1305.0 219.8 1335.0 291.0
28 940.7 263.71 998.6 458.45
20 401.22 1.87 423.59 432.14
20 1714.4 1.87 1747.3 393.98
20 1627.56 0.55 1680.19 409.77
2 1.46 284.31 97.7 468.86
15 1070.2 404.22 1076.65 448.94
16 1193.26 369.8 1218.6 408.89
15 890.06 407.6 897.5 452.86
3 563.5 346.8 678.85 411.09
27 431.41 296.55 470.24 333.86
8 1031.75 227.65 1083.35 433.29
16 1232.52 370.07 1258.2 412.58
26 1342.58 4.3 1392.08 48.46
