3 702.0 516.5 868.0 581.0
20 1198.74 324.12 1215.49 594.44
15 853.19 576.52 864.82 626.76
20 445.7 16.95 459.4 396.17
15 410.06 665.36 445.49 784.87
15 898.14 566.48 906.6 610.9
20 410.97 0.0 427.4 413.53
15 718.88 606.14 736.33 678.05
3 1108.6 520.21 1182.7 586.6
15 518.46 644.21 544.9 749.97
15 876.99 571.77 887.04 618.3
20 375.4 0.0 395.43 407.13
15 598.31 629.4 622.11 719.3
20 1143.15 197.71 1169.04 583.01
20 1324.92 0.0 1403.87 890.04
27 695.61 463.25 714.65 507.67
20 947.3 312.39 973.23 578.9
15 216.52 701.32 261.99 854.67
15 663.88 615.65 684.5 697.09
15 825.69 583.4 833.63 638.92
20 917.84 422.9 928.12 585.54
20 1051.78 341.63 1066.24 584.54
