15 1286.25 535.62 1300.8 570.16
15 278.14 565.35 297.14 608.7
15 769.2 539.41 785.26 571.08
15 828.87 538.95 838.5 567.9
28 451.42 472.04 464.11 563.42
15 133.63 555.58 152.63 591.95
15 1024.61 542.66 1038.81 577.2
28 1267.77 441.79 1311.66 497.84
15 217.36 552.81 236.36 589.18
15 517.77 546.99 531.97 579.67
28 1459.2 431.74 1506.26 503.13
3 1529.83 449.76 1684.4 509.15
15 700.96 550.98 715.16 590.4
15 375.8 550.72 390.0 583.4
15 448.28 548.26 462.48 580.95
15 585.59 543.94 599.79 576.63
15 885.33 536.65 899.1 567.87
28 1166.15 435.14 1179.09 505.19
15 44.1 557.93 63.1 594.3
15 651.23 541.24 665.0 576.13
