9 708.43 587.22 735.98 654.55
27 847.06 431.42 882.49 462.62
20 119.63 197.92 138.05 655.83
20 1331.5 461.09 1348.61 636.09
20 760.44 325.56 780.17 647.93
27 45.37 140.77 103.85 196.51
27 107.51 167.27 135.83 223.01
27 1005.2 390.0 1032.81 426.87
3 990.71 597.93 1063.08 654.51
26 1227.88 323.46 1285.17 342.85
3 801.23 580.83 928.86 650.56
3 65.68 554.51 467.01 686.09
3 469.64 566.35 709.12 658.46
20 1747.3 221.61 1780.2 628.2
3 1359.0 542.5 1606.0 638.0
20 739.38 55.81 770.1 641.35
20 1430.19 29.5 1456.5 624.25
27 887.77 429.31 922.15 463.68
20 192.0 111.08 211.74 655.83
26 1037.25 403.08 1084.17 418.12
20 374.9 0.0 401.22 653.2
