28 1030.96 346.34 1050.0 515.76
9 1691.51 418.02 1723.34 474.02
28 944.66 381.24 966.87 495.46
20 1585.4 292.1 1592.27 443.59
28 1489.11 352.68 1537.34 577.32
3 1747.71 440.83 1920.0 530.8
20 1801.52 200.07 1818.27 451.36
9 962.88 447.53 1003.88 542.3
9 875.24 444.88 898.6 508.7
28 1142.64 389.49 1182.62 536.71
20 1269.56 211.8 1284.79 553.2
9 1122.12 455.08 1155.12 540.08
20 1199.76 205.47 1225.14 543.05
9 1171.5 464.27 1207.6 536.1
28 980.2 369.82 1014.46 501.17
20 1050.0 214.35 1069.04 521.48
28 1284.15 319.05 1313.34 556.38
12 1087.93 417.3 1197.39 496.62
3 1273.8 429.0 1403.0 482.2
9 1438.22 422.85 1469.43 484.06
9 1317.32 445.17 1346.93 512.86
20 1717.76 68.34 1743.65 447.55
