28 1065.5 182.8 1116.96 464.38
20 1802.33 258.61 1818.2 340.57
15 1114.17 564.2 1180.9 657.72
27 1620.67 58.43 1656.1 98.46
20 1749.45 5.84 1802.33 335.29
3 673.0 219.0 967.0 353.0
26 1529.63 79.34 1579.36 99.23
3 1390.0 266.0 1519.4 369.6
3 1645.0 278.0 1736.0 344.0
15 1211.54 694.56 1299.7 820.88
15 1066.8 486.67 1115.49 552.46
8 1022.22 172.27 1137.49 431.22
26 1833.4 199.37 1855.8 248.95
20 1096.28 0.0 1197.33 515.85
26 1660.46 85.97 1713.24 101.27
27 1582.82 61.87 1619.67 98.71
20 1823.39 0.0 1873.64 372.66
3 1552.5 256.1 1618.47 282.11
3 1664.0 326.2 1920.0 561.0
3 1607.78 254.28 1660.6 280.28
27 1800.35 226.55 1840.74 259.6
